  10   186 50
  10  262 120
  15   16  49
  15   17  36
  15  195  51
  16   17  13
  16   18  72
  18   19  22
  19   20  98
  19   31 110
  19  391 102
  20   33 107
  20  187  95
  31   33  84
  31   34  86
  33  189  87
  34   35 136
  35   36  68
  35   41  12
  41   42 141
  42   45 104
  42  196 127
  44   74 208
  44  184 122
  44  196 102
  51   52 104
  51  197  43
  51  392  89
  52  192 125
  52  194  86
  52  199  30
  55   56  95
  55  192 155
  56   57 115
  56  191  47
  57  188 186
  60   61  48
  60   62 212
  60  191 222
  62   63 164
  62   71 188
  63   64  98
  71   72 180
  72   74 168
  72  199  63
  74  198  63
 175  179   0
 175  181  14
 176  181   8
 176  193  97
 177  181   7
 177  195 155
 178  181  14
 179  184   3
 180  181  14
 180  185   3
 181  182   6
 181  183  14
 182  186  59
 183  197 127
 193  331  70
 194  254 102
 200  492  73
 200  574  35
 200  590 181
 210  211 134
 210  502  16
 211  212   9
 212  231 248
 212  394  11
 213  214  11
 213  394  19
 214  215  64
 214  235  48
 215  216  42
 215  383  94
 216  218  76
 216  236  61
 218  372   8
 218  382  35
 220  221   8
 220  222  21
 220  382   4
 221  222   7
 222  265  71
 222  266   8
 222  379   3
 231  232  78
 231  393  20
 232  233  85
 232  241 147
 233  234  41
 234  235  48
 235  236 132
 236  242 195
 236  372  53
 241  242 350
 241  532 212
 242  253 121
 242  258 114
 242  400  14
 253  254 149
 253  255 155
 253  258 111
 254  255 115
 255  390  69
 255  392  56
 258  263  93
 262  263 116
 262  376  16
 262  380   7
 263  265 118
 263  385   6
 266  267   8
 266  301  57
 267  268  48
 267  292  68
 268  384   8
 268  397  61
 269  281  25
 269  383   7
 269  397   7
 281  282  41
 281  374  22
 282  283 104
 282  396  14
 283  284  62
 283  389  16
 284  285  17
 284  373  17
 284  386 102
 285  286   7
 285  375  12
 286  287   5
 287  395   4
 292  293 133
 292  384  61
 293  377  60
 301  379  44
 301  387  99
 303  304 130
 303  312  43
 303  385 149
 303  387  82
 304  305  21
 305  306  39
 305  378  94
 312  388  12
 313  322  99
 313  388  64
 322  323  74
 322  331  90
 322  376 112
 323  324   9
 323  325  11
 324  325   8
 324  331  73
 325  381 125
 327  328  63
 327  330  19
 327  381 128
 328  391 146
 380  390 142
 393  578  20
 398 1346  27
 398 1373  48
 398 1396 196
 399  568  20
 399  595 168
 399  598   7
 400  795 633
 410  419   4
 410  441  10
 410  481  15
 410  582   5
 410  591   4
 410  592   7
 411  412   8
 411  419  35
 411  586  34
 414  586  62
 414  587 125
 415  416 137
 415  431  54
 415  587   6
 415  590 117
 416  417  28
 416  421  26
 417  424  35
 417  580   8
 418  422  12
 418  580   8
 418  900  44
 421  424  45
 422  423  33
 423  424   9
 423  564  80
 431  432   9
 432  565  52
 442  482   8
 442  561  16
 444  445   9
 444  482  43
 445  446  75
 445  531  53
 446  447  50
 446  453  71
 447  448  24
 448  577  30
 451  452  12
 451  576 238
 451  591   4
 452  453  13
 452  455  24
 453  455   3
 462  463  11
 462  571   6
 462  583   5
 463  599  11
 464  465  65
 464  599 145
 465  467  36
 465  576 181
 467  468  79
 468  469  34
 469  470  12
 469  575  87
 470  471 102
 470  998 194
 471  472 191
 471  597  23
 472  475   4
 472  593  50
 473  475  14
 473  572 157
 475  854  85
 481  585  15
 482  533  55
 482  561   8
 482  585   7
 484  559  84
 484  567   7
 484  598  17
 485  486  21
 485  559   0
 485  570  42
 486  502 106
 486  558  10
 491  492   7
 491  567  92
 491  596  83
 492  493   7
 492  512  16
 493  494   7
 493  569  40
 494  495  40
 494  511  10
 495  496  11
 495  581  11
 496  497  22
 496  569   9
 497  600  30
 498  499  30
 498  570  15
 499  555   9
 499  558  15
 500  502  91
 500  555   9
 500  560  11
 502  579   9
 502  594   8
 511  512   9
 512  513 220
 513  590  63
 513 1190  78
 531  532 190
 531  533   7
 532  545  56
 533  544 168
 544  545  20
 544  578  78
 556  594   5
 557  558   8
 557  559  13
 557  560  17
 558  560   9
 561  573  15
 563  593  94
 563  994   9
 564  565 199
 564  861  96
 565  575  15
 566  569  25
 567  568   7
 568  579 220
 570  600   8
 571  610 119
 572  815  23
 573  598  30
 574  596  34
 577  583 143
 579  594  17
 580 1182 129
 583  584  21
 584  595 196
 584  599  23
 590 1195 106
 592  596   9
 610  797 277
 610  799   3
 611  794  77
 611  800 218
 613  621   8
 613  796   8
 613  797  30
 614  615 352
 614  796  17
 614  798  13
 615  616  26
 616 2198  22
 621  798  22
 795  800 312
 799  800  35
 810  830 271
 810  969   4
 810 2194 151
 812  813  19
 812  850  72
 812 1000 132
 813  958   8
 813  990   5
 814  815  86
 814  851  41
 814  958  32
 814  964 242
 814  972  52
 815  978  26
 817  820  10
 818  820  10
 818  840 119
 820  978 243
 820  982 105
 820  988  70
 822  825   6
 822  986   6
 822  987  15
 822  989   3
 825  993 210
 830  977   3
 830  996  31
 832  973   7
 832  977 354
 832  983 142
 834  835  48
 834  979 174
 835  837   9
 835  839   9
 835  966   4
 837  961 117
 838  840  38
 838  904  64
 839  843 124
 840  981 122
 843  970 176
 843  991   7
 844  976  92
 844  991  76
 850  851  20
 850  852  37
 851  853  11
 853  854 173
 860  861 153
 860  995  41
 860  997  17
 861  998  34
 899  900  25
 900  901  22
 901  902  85
 901 1168 161
 902  987  59
 902  997  62
 902 1187 167
 903  904  87
 903  986  46
 904  985   7
 905  906   9
 905  968   4
 905  992  24
 906  967   6
 906  980  11
 908  909   4
 908  920  29
 908  967   9
 909  910   3
 910  920  24
 910  975 117
 920  921  73
 921  923   6
 923  924  11
 924  925  70
 925 1395  58
 959  960  17
 959  965  10
 959 1339  82
 960  962  37
 960  965   7
 961  962  70
 961  970 133
 962  963 156
 963  964 167
 963  981   8
 965  985 162
 965  992 186
 966  981 116
 969 1000  16
 970  980  52
 971  972 183
 971  973  26
 973  979 130
 974  993  17
 974 1200  69
 975 1578  86
 976 1597  54
 982  989   8
 983 1851 134
 984  985   7
 984 1383 139
 988  995   8
 992 1396  82
 993 1184  23
 993 1390  55
 994  995  68
 996 1982  48
 999 1000 135
 999 2200 367
1010 1011  71
1010 1176   3
1010 1183  51
1010 1190  43
1010 1198  23
1011 1012  35
1011 1055  56
1012 1013  50
1012 1055 120
1013 1172 195
1013 1186  68
1013 1200 139
1015 1016  49
1015 1186  26
1016 1017  14
1017 1031  15
1017 1173 109
1017 1193  27
1030 1031  10
1030 1194  19
1030 1359   7
1052 1053  16
1052 1056  44
1052 1057   7
1052 1183  60
1053 1167  28
1053 1185  72
1055 1185  34
1057 1058  11
1060 1188  21
1060 1191  52
1060 1199 129
1165 1178  14
1165 1180   6
1165 1190  79
1166 1167  60
1167 1181  56
1168 1180  65
1168 1200  98
1169 1170   8
1169 1173  79
1170 1171  77
1170 1172   7
1171 1188 139
1172 1189  74
1173 1179   4
1174 1192  13
1175 1199  54
1176 1177  14
1177 1190  23
1178 1180   8
1178 1182  10
1179 1197  90
1179 1326 337
1180 1195  42
1181 1188 101
1184 1196  43
1187 1200   8
1192 1197  11
1193 1210  38
1194 1196  49
1210 1211 112
1210 1251  28
1211 1263  69
1211 1343 126
1213 1214   5
1213 1215  14
1213 1326 204
1213 1357  15
1214 1344   3
1215 1216  10
1216 1356 128
1216 1370  65
1218 1219  11
1218 1231   7
1218 1322 126
1219 1230   5
1231 1232  13
1232 1233  17
1233 1234   5
1233 1348  47
1236 1355  87
1236 1379   4
1236 1399 122
1237 1369   6
1237 1377 156
1237 1379  21
1239 1360  12
1239 1369 137
1240 1353 139
1240 1377   7
1251 1376  48
1251 1384 132
1261 1262   9
1261 1386 120
1262 1263  22
1263 1398  68
1264 1361  20
1264 1398 114
1271 1272  13
1271 1361   9
1272 1400  55
1300 1301  30
1300 1382  17
1301 1303  20
1301 1347  89
1302 1347  48
1302 1364  64
1303 1352   9
1303 1392 108
1304 1350  16
1304 1387   5
1304 1388   6
1304 1392   8
1304 1393  16
1312 1313  12
1312 1314  98
1312 1388  58
1314 1315  80
1315 1414  51
1322 1323  11
1322 1356  31
1323 1324  44
1323 1399 101
1324 1325  60
1325 1326  74
1328 1329 290
1328 1336   7
1328 1590  79
1329 1391 155
1329 1393 360
1330 1339  25
1330 1340  78
1330 1341  13
1331 1332 115
1331 1337  24
1331 1368 209
1332 1333 109
1333 1334  20
1333 1336  61
1334 1335 106
1334 1380  65
1335 1366  45
1337 1381   4
1338 1381 158
1338 1389   4
1339 1341  12
1340 1398 149
1341 1351  56
1341 1396 120
1342 1398   8
1343 1357  18
1345 1395   8
1346 1395  13
1348 1355  18
1349 1399  36
1351 1372  21
1352 1368  71
1353 1362  64
1354 1371  15
1354 1399  25
1358 1363   8
1358 1394 137
1359 1376   6
1360 1375  31
1361 1370  37
1362 1367  36
1362 1382  39
1363 1398  11
1364 1400 285
1365 1367   6
1365 1374  35
1367 1382  23
1371 1400  74
1372 1397  49
1373 1394  96
1374 1381 187
1378 1380  99
1383 1397  67
1384 1397  12
1385 1390 111
1385 1397   5
1386 1397   6
1387 1395 146
1391 1598  93
1410 1411  16
1410 1596   6
1411 1412  39
1412 1413   5
1412 1451  54
1413 1414  45
1413 1415 134
1415 1417 136
1415 1575 141
1417 1418  11
1418 1591  66
1421 1431   3
1421 1574   3
1421 1581 229
1421 1593   7
1431 1432  20
1432 1587   5
1432 1594   8
1435 1592  33
1451 1452  71
1452 1572  89
1452 1576  98
1452 1588   7
1453 1454   4
1453 1588 310
1453 1981 106
1454 1597 347
1454 1789 179
1461 1574   9
1461 1586  33
1462 1463  91
1462 1586   5
1463 1585  69
1572 1577  17
1573 1589  44
1573 1598 165
1574 1593   4
1575 1576 119
1575 1580   7
1577 1596  77
1577 1597 187
1578 1579   5
1579 1596 133
1580 1623 208
1581 1591  77
1582 1583   5
1583 1591  53
1584 1788 139
1585 1654 162
1589 1600   4
1590 1599 131
1592 1600  41
1594 1600  62
1595 1599 127
1598 1599  96
1611 1621   4
1611 1789 267
1611 1794  66
1621 1622  22
1621 1800  54
1622 1623 160
1623 1797  10
1651 1653 257
1651 1791  34
1651 1794  65
1653 1654  61
1653 1788  43
1655 1785  31
1655 1786  36
1655 1787 210
1655 1790 110
1655 1793  16
1785 1786  10
1786 1791  60
1788 1796  18
1790 1791 110
1790 1795   9
1792 1795   4
1793 1992 494
1798 1799  39
1799 1800 107
1799 1980 153
1809 1811  56
1809 1997  27
1811 1812 253
1811 1982   5
1812 1813  23
1813 1814  10
1814 1977   9
1814 1988  28
1815 1840 185
1815 1977  28
1815 1979  28
1815 1988   4
1815 1993   6
1817 1984   7
1817 1985  10
1817 1990 582
1820 1821  14
1820 1996 130
1820 2000  30
1821 1822  16
1822 1873  83
1822 1881  10
1822 1995   4
1840 1841  30
1841 1842 118
1841 1999  38
1842 1983  16
1843 1852  33
1843 1853  11
1843 1999 203
1851 1994  40
1852 1853  33
1852 1854  12
1852 1994 190
1853 1856  76
1853 1970  26
1854 1855  12
1855 1970   7
1856 1986  59
1856 1998  32
1858 1986 207
1858 1989  88
1859 1860  29
1859 1861  13
1859 1862   6
1859 1989   8
1860 1866 217
1860 1868  12
1861 1862  11
1861 1863  55
1862 1868  15
1863 1980 217
1863 1981 273
1866 1974  13
1866 1975  22
1866 1976  22
1871 1872  58
1871 1978  40
1872 1873  77
1872 1991  94
1881 1882 260
1881 1885  23
1882 1883  12
1882 1972 179
1883 1884  14
1971 1975 136
1971 1983 233
1973 1974 117
1973 1991  43
1976 1978 102
1979 1990 129
1984 1987  49
1987 1996 149
1991 1992  68
1992 1995 297
1993 1994 347
2011 2012  31
2011 2030  98
2011 2193 155
2011 2194 359
2011 2195   5
2012 2192  64
2015 2017 480
2015 2031 172
2015 2193 124
2017 2196  33
2030 2031 147
2031 2200  62
2032 2197  11
2032 2198  41
2032 2199 203
2051 2052 178
2051 2192 110
2052 2054 193
2053 2054 460
2196 2400 122
2199 2200  30
2212 2214 164
2212 2398 114
2212 2399 294
2214 2215  20
2214 2396 456
2395 2396   4
2397 2398 343
2399 2400 530  
